================================================================================
ISL RECOGNITION SYSTEM - CLASSIFICATION REPORT
================================================================================

              precision    recall  f1-score   support

           A     0.8485    0.9655    0.9032        87
           B     0.8476    1.0000    0.9175        89
           C     0.8906    0.7808    0.8321        73
           D     0.9747    0.9506    0.9625        81
           E     0.8462    0.6962    0.7639        79
           F     0.9877    0.9756    0.9816        82
           G     0.9383    0.9620    0.9500        79
           H     0.8403    1.0000    0.9132       100
           I     0.8481    0.8701    0.8590        77
           K     0.8571    0.8182    0.8372        88
           L     0.9780    0.9368    0.9570        95
           M     0.7262    0.8472    0.7821        72
           N     0.8852    0.6835    0.7714        79
           O     0.7727    0.9107    0.8361        56
           P     0.8636    0.6951    0.7703        82
           Q     0.8333    0.9167    0.8730        60
           R     0.5100    0.7391    0.6036        69
           S     0.7065    0.7831    0.7429        83
           T     0.7671    0.7179    0.7417        78
           U     0.5094    0.3214    0.3942        84
           V     0.8571    0.7857    0.8199        84
           W     0.9634    0.8876    0.9240        89
           X     0.9077    0.8676    0.8872        68
           Y     0.9263    0.9462    0.9362        93

    accuracy                         0.8381      1927
   macro avg     0.8369    0.8358    0.8317      1927
weighted avg     0.8413    0.8381    0.8351      1927

================================================================================
Overall Accuracy: 0.8381
================================================================================
