================================================================================
ISL RECOGNITION SYSTEM - CLASSIFICATION REPORT
================================================================================

              precision    recall  f1-score   support

           A     0.9939    0.9701    0.9818       167
           B     0.9433    1.0000    0.9708       133
           C     0.9925    0.9103    0.9496       145
           D     1.0000    0.9747    0.9872       158
           E     0.5247    0.9392    0.6733       181
           F     0.9305    0.9206    0.9255       189
           G     0.9503    1.0000    0.9745       172
           H     1.0000    0.9819    0.9909       221
           I     0.9102    0.9935    0.9500       153
           J     0.8816    0.9901    0.9327       203
           K     1.0000    1.0000    1.0000       185
           L     0.9933    0.9313    0.9613       160
           M     0.7979    0.7662    0.7817       201
           N     0.7358    0.9045    0.8114       157
           O     0.9160    0.9836    0.9486       122
           P     1.0000    1.0000    1.0000       156
           Q     1.0000    0.7419    0.8519       186
           R     0.9897    0.9948    0.9923       194
           S     1.0000    0.9697    0.9846       198
           T     0.9617    0.9853    0.9734       204
           U     1.0000    0.9758    0.9877       165
           V     1.0000    0.9375    0.9677       144
           W     0.8038    0.9270    0.8610       137
           X     1.0000    0.0492    0.0938       183
           Y     0.9167    0.9277    0.9222       166
           Z     0.9062    1.0000    0.9508       116

    accuracy                         0.9097      4396
   macro avg     0.9288    0.9144    0.9010      4396
weighted avg     0.9295    0.9097    0.8974      4396

================================================================================
Overall Accuracy: 0.9097
================================================================================
