================================================================================
ISL RECOGNITION SYSTEM - CLASSIFICATION REPORT
================================================================================

              precision    recall  f1-score   support

           A     0.9709    1.0000    0.9853       167
           B     1.0000    1.0000    1.0000       133
           C     0.9930    0.9793    0.9861       145
           D     1.0000    0.9937    0.9968       158
           E     0.9833    0.9779    0.9806       181
           F     1.0000    0.9365    0.9672       189
           G     1.0000    1.0000    1.0000       172
           H     1.0000    0.9910    0.9955       221
           I     0.9869    0.9869    0.9869       153
           J     0.9758    0.9951    0.9854       203
           K     1.0000    1.0000    1.0000       185
           L     1.0000    0.9875    0.9937       160
           M     0.9372    0.9652    0.9510       201
           N     0.8655    0.9427    0.9024       157
           O     1.0000    0.9918    0.9959       122
           P     0.9873    1.0000    0.9936       156
           Q     0.9892    0.9892    0.9892       186
           R     0.9949    1.0000    0.9974       194
           S     1.0000    0.9899    0.9949       198
           T     1.0000    0.9902    0.9951       204
           U     1.0000    0.9879    0.9939       165
           V     1.0000    0.9722    0.9859       144
           W     0.9441    0.9854    0.9643       137
           X     0.9945    0.9836    0.9890       183
           Y     1.0000    0.9699    0.9847       166
           Z     1.0000    1.0000    1.0000       116

    accuracy                         0.9850      4396
   macro avg     0.9855    0.9852    0.9852      4396
weighted avg     0.9856    0.9850    0.9851      4396

================================================================================
Overall Accuracy: 0.9850
================================================================================
