================================================================================
ISL RECOGNITION SYSTEM - CLASSIFICATION REPORT
================================================================================

              precision    recall  f1-score   support

           A     0.0000    0.0000    0.0000       167
           B     0.0303    1.0000    0.0587       133
           C     0.0000    0.0000    0.0000       145
           D     0.0000    0.0000    0.0000       158
           E     0.0000    0.0000    0.0000       181
           F     0.0000    0.0000    0.0000       189
           G     0.0000    0.0000    0.0000       172
           H     0.0000    0.0000    0.0000       221
           I     0.0000    0.0000    0.0000       153
           J     0.0000    0.0000    0.0000       203
           K     0.0000    0.0000    0.0000       185
           L     0.0000    0.0000    0.0000       160
           M     0.0000    0.0000    0.0000       201
           N     0.0000    0.0000    0.0000       157
           O     0.0000    0.0000    0.0000       122
           P     0.0000    0.0000    0.0000       156
           Q     0.0000    0.0000    0.0000       186
           R     0.0000    0.0000    0.0000       194
           S     0.0000    0.0000    0.0000       198
           T     0.0000    0.0000    0.0000       204
           U     0.0000    0.0000    0.0000       165
           V     0.0000    0.0000    0.0000       144
           W     0.0000    0.0000    0.0000       137
           X     0.0000    0.0000    0.0000       183
           Y     0.0000    0.0000    0.0000       166
           Z     0.0000    0.0000    0.0000       116

    accuracy                         0.0303      4396
   macro avg     0.0012    0.0385    0.0023      4396
weighted avg     0.0009    0.0303    0.0018      4396

================================================================================
Overall Accuracy: 0.0303
================================================================================
