================================================================================
ISL RECOGNITION SYSTEM - CLASSIFICATION REPORT
================================================================================

              precision    recall  f1-score   support

           A     0.9766    1.0000    0.9882       167
           B     1.0000    0.9098    0.9528       133
           C     0.9861    0.9793    0.9827       145
           D     0.9936    0.9873    0.9905       158
           E     0.9886    0.9613    0.9748       181
           F     0.9792    0.9947    0.9869       189
           G     1.0000    1.0000    1.0000       172
           H     1.0000    1.0000    1.0000       221
           I     0.9745    1.0000    0.9871       153
           J     0.9663    0.9901    0.9781       203
           K     1.0000    1.0000    1.0000       185
           L     1.0000    0.9875    0.9937       160
           M     0.9742    0.9403    0.9570       201
           N     0.9351    0.9172    0.9260       157
           O     0.9677    0.9836    0.9756       122
           P     0.9873    1.0000    0.9936       156
           Q     0.9385    0.9839    0.9606       186
           R     0.9949    1.0000    0.9974       194
           S     0.9950    1.0000    0.9975       198
           T     1.0000    0.9902    0.9951       204
           U     0.9880    1.0000    0.9940       165
           V     0.9929    0.9722    0.9825       144
           W     0.9441    0.9854    0.9643       137
           X     0.9945    0.9836    0.9890       183
           Y     0.9756    0.9639    0.9697       166
           Z     0.9915    1.0000    0.9957       116

    accuracy                         0.9827      4396
   macro avg     0.9825    0.9819    0.9820      4396
weighted avg     0.9829    0.9827    0.9827      4396

================================================================================
Overall Accuracy: 0.9827
================================================================================
