================================================================================
ISL RECOGNITION SYSTEM - CLASSIFICATION REPORT
================================================================================

              precision    recall  f1-score   support

           A     0.9820    0.9820    0.9820       167
           B     0.7463    0.3759    0.5000       133
           C     0.5893    0.6828    0.6326       145
           D     1.0000    0.9430    0.9707       158
           E     0.6379    0.2044    0.3096       181
           F     0.5752    0.6878    0.6265       189
           G     0.9308    0.8605    0.8943       172
           H     0.4773    1.0000    0.6462       221
           I     0.9348    0.8431    0.8866       153
           J     0.8451    0.5911    0.6957       203
           K     0.8973    0.8973    0.8973       185
           L     0.5926    1.0000    0.7442       160
           M     0.7750    0.4627    0.5794       201
           N     0.7973    0.7516    0.7738       157
           O     0.6798    0.9918    0.8067       122
           P     0.9783    0.5769    0.7258       156
           Q     0.9322    0.8871    0.9091       186
           R     0.7062    0.7062    0.7062       194
           S     0.9934    0.7626    0.8629       198
           T     0.7652    0.9902    0.8632       204
           U     0.9253    0.9758    0.9499       165
           V     0.9020    0.9583    0.9293       144
           W     0.6866    0.3358    0.4510       137
           X     0.9236    0.7923    0.8529       183
           Y     0.5000    0.6205    0.5538       166
           Z     0.7951    0.8362    0.8151       116

    accuracy                         0.7598      4396
   macro avg     0.7911    0.7583    0.7525      4396
weighted avg     0.7899    0.7598    0.7521      4396

================================================================================
Overall Accuracy: 0.7598
================================================================================
