================================================================================
ISL RECOGNITION SYSTEM - CLASSIFICATION REPORT
================================================================================

              precision    recall  f1-score   support

           A     0.9286    0.7006    0.7986       167
           B     0.5847    0.8045    0.6772       133
           C     0.3381    0.9793    0.5027       145
           D     0.8462    0.9747    0.9059       158
           E     0.5000    0.0055    0.0109       181
           F     0.0762    0.0899    0.0825       189
           G     0.6241    0.9942    0.7668       172
           H     0.5914    0.4977    0.5405       221
           I     0.2622    0.9869    0.4143       153
           J     0.8879    0.4680    0.6129       203
           K     1.0000    0.4865    0.6545       185
           L     1.0000    0.0375    0.0723       160
           M     0.6774    0.5224    0.5899       201
           N     0.3072    0.6497    0.4172       157
           O     0.0290    0.0164    0.0209       122
           P     1.0000    0.1282    0.2273       156
           Q     0.7373    0.4677    0.5724       186
           R     0.8384    0.4278    0.5666       194
           S     0.5128    0.2020    0.2899       198
           T     0.9286    0.1275    0.2241       204
           U     0.9930    0.8545    0.9186       165
           V     0.9704    0.9097    0.9391       144
           W     0.6538    0.1241    0.2086       137
           X     0.5698    0.8033    0.6667       183
           Y     0.1609    0.0843    0.1107       166
           Z     0.2300    0.9397    0.3695       116

    accuracy                         0.4970      4396
   macro avg     0.6249    0.5109    0.4677      4396
weighted avg     0.6391    0.4970    0.4707      4396

================================================================================
Overall Accuracy: 0.4970
================================================================================
