================================================================================
ISL RECOGNITION SYSTEM - CLASSIFICATION REPORT
================================================================================

              precision    recall  f1-score   support

           A     0.9881    0.9940    0.9910       167
           B     1.0000    1.0000    1.0000       133
           C     0.9793    0.9793    0.9793       145
           D     1.0000    0.9810    0.9904       158
           E     0.8066    0.9448    0.8702       181
           F     0.9444    0.9894    0.9664       189
           G     1.0000    1.0000    1.0000       172
           H     0.9526    1.0000    0.9757       221
           I     0.9503    1.0000    0.9745       153
           J     0.9848    0.9557    0.9700       203
           K     0.9946    1.0000    0.9973       185
           L     0.9860    0.8812    0.9307       160
           M     0.9356    0.9403    0.9380       201
           N     0.9060    0.8599    0.8824       157
           O     0.9836    0.9836    0.9836       122
           P     1.0000    0.9872    0.9935       156
           Q     0.9787    0.9892    0.9840       186
           R     0.9848    1.0000    0.9923       194
           S     0.9704    0.9949    0.9825       198
           T     0.9805    0.9853    0.9829       204
           U     0.9821    1.0000    0.9910       165
           V     0.9722    0.9722    0.9722       144
           W     0.9752    0.8613    0.9147       137
           X     0.9937    0.8634    0.9240       183
           Y     0.9938    0.9578    0.9755       166
           Z     0.9426    0.9914    0.9664       116

    accuracy                         0.9666      4396
   macro avg     0.9687    0.9658    0.9665      4396
weighted avg     0.9680    0.9666    0.9665      4396

================================================================================
Overall Accuracy: 0.9666
================================================================================
