================================================================================
ISL RECOGNITION SYSTEM - CLASSIFICATION REPORT
================================================================================

              precision    recall  f1-score   support

           A     0.9709    1.0000    0.9853       167
           B     1.0000    1.0000    1.0000       133
           C     0.9793    0.9793    0.9793       145
           D     1.0000    0.9747    0.9872       158
           E     0.9643    0.8950    0.9284       181
           F     0.9843    0.9947    0.9895       189
           G     0.9942    1.0000    0.9971       172
           H     1.0000    0.9910    0.9955       221
           I     0.9623    1.0000    0.9808       153
           J     0.9894    0.9212    0.9541       203
           K     1.0000    1.0000    1.0000       185
           L     0.9240    0.9875    0.9547       160
           M     0.9602    0.9602    0.9602       201
           N     0.9434    0.9554    0.9494       157
           O     0.9756    0.9836    0.9796       122
           P     1.0000    0.9872    0.9935       156
           Q     1.0000    0.9677    0.9836       186
           R     0.9749    1.0000    0.9873       194
           S     0.9900    1.0000    0.9950       198
           T     0.9950    0.9853    0.9901       204
           U     0.9880    0.9939    0.9909       165
           V     1.0000    0.9722    0.9859       144
           W     0.9699    0.9416    0.9556       137
           X     0.9945    0.9836    0.9890       183
           Y     0.8933    0.9578    0.9244       166
           Z     0.9587    1.0000    0.9789       116

    accuracy                         0.9777      4396
   macro avg     0.9774    0.9782    0.9775      4396
weighted avg     0.9782    0.9777    0.9777      4396

================================================================================
Overall Accuracy: 0.9777
================================================================================
