================================================================================
ISL RECOGNITION SYSTEM - CLASSIFICATION REPORT
================================================================================

              precision    recall  f1-score   support

           A     0.9881    0.9940    0.9910       167
           B     1.0000    1.0000    1.0000       133
           C     0.9859    0.9655    0.9756       145
           D     1.0000    1.0000    1.0000       158
           E     0.9778    0.9724    0.9751       181
           F     1.0000    0.9947    0.9973       189
           G     1.0000    1.0000    1.0000       172
           H     1.0000    1.0000    1.0000       221
           I     0.9739    0.9739    0.9739       153
           J     0.9902    0.9951    0.9926       203
           K     1.0000    1.0000    1.0000       185
           L     1.0000    0.9750    0.9873       160
           M     0.9845    0.9453    0.9645       201
           N     0.9333    0.9809    0.9565       157
           O     1.0000    0.9918    0.9959       122
           P     0.9873    1.0000    0.9936       156
           Q     0.9892    0.9892    0.9892       186
           R     0.9898    1.0000    0.9949       194
           S     0.9900    1.0000    0.9950       198
           T     0.9951    0.9902    0.9926       204
           U     1.0000    1.0000    1.0000       165
           V     1.0000    0.9722    0.9859       144
           W     0.9643    0.9854    0.9747       137
           X     0.9733    0.9945    0.9838       183
           Y     0.9939    0.9880    0.9909       166
           Z     0.9915    1.0000    0.9957       116

    accuracy                         0.9889      4396
   macro avg     0.9888    0.9888    0.9887      4396
weighted avg     0.9890    0.9889    0.9889      4396

================================================================================
Overall Accuracy: 0.9889
================================================================================
