================================================================================
ISL RECOGNITION SYSTEM - CLASSIFICATION REPORT
================================================================================

              precision    recall  f1-score   support

           A     0.9880    0.9880    0.9880       167
           B     1.0000    1.0000    1.0000       133
           C     0.9862    0.9862    0.9862       145
           D     0.9937    0.9937    0.9937       158
           E     0.9167    0.9724    0.9437       181
           F     0.9538    0.9841    0.9688       189
           G     1.0000    1.0000    1.0000       172
           H     1.0000    1.0000    1.0000       221
           I     0.9740    0.9804    0.9772       153
           J     0.9797    0.9507    0.9650       203
           K     0.9946    1.0000    0.9973       185
           L     1.0000    0.9875    0.9937       160
           M     0.9792    0.9353    0.9567       201
           N     0.9167    0.9108    0.9137       157
           O     0.9917    0.9836    0.9877       122
           P     0.9936    0.9936    0.9936       156
           Q     1.0000    0.9731    0.9864       186
           R     0.9898    1.0000    0.9949       194
           S     0.9851    1.0000    0.9925       198
           T     0.9902    0.9902    0.9902       204
           U     0.9880    1.0000    0.9940       165
           V     0.9660    0.9861    0.9759       144
           W     0.9781    0.9781    0.9781       137
           X     0.9833    0.9672    0.9752       183
           Y     0.9817    0.9699    0.9758       166
           Z     0.9914    0.9914    0.9914       116

    accuracy                         0.9813      4396
   macro avg     0.9816    0.9816    0.9815      4396
weighted avg     0.9816    0.9813    0.9814      4396

================================================================================
Overall Accuracy: 0.9813
================================================================================
